[[ 0.43208958, -0.35255753, -0.30223055, -0.11908298,  0.27343713,
0.27973237,  0.09480229,  0.19383861, -0.11314853,  0.17555828],
[ 0.28087206, -0.39235948,  0.37650395, -0.18394743, -0.24649232,
-0.27171369, -0.4628367 ,  0.24632409,  0.69769957, -0.43181563],
[ 0.33184113, -0.06178756,  0.04603594, -0.62490974,  0.60151937,
-0.01035512,  0.58301644,  0.20004968, -0.28122658,  0.46280003],
[ 0.41919697,  0.40625729, -0.18257717, -0.16165417,  0.44702281,
0.36267277,  0.509436  ,  0.12981195,  0.32546972,  0.04002453]],

[[ 0.65386568,  0.20250028,  0.47666254],
[ 0.32822359,  0.26679889, -0.3417656 ],
[ 0.48293073,  0.03002543, -0.38475483],
[ 0.42151106, -0.40144808, -0.34187111],
[-0.27990117, -0.21626153,  0.11646316],
[ 0.65909436,  0.058481  ,  0.56940891],
[-0.62025758, -0.0409938 ,  0.57259071],
[ 0.17941737,  0.40344441, -0.69121751],
[ 0.43382464, -0.33241857,  0.42734442],
[ 0.01687741,  0.62374069,  0.06126897]]